2021/04/18-23:55:04.696304 7f0a4efdd700                        Version: 2.0.35 (open source)
2021/04/18-23:55:04.696815 7f0a4efdd700             Options.comparator: leveldb.InternalKeyComparator
2021/04/18-23:55:04.697042 7f0a4efdd700      Options.create_if_missing: 1
2021/04/18-23:55:04.697263 7f0a4efdd700        Options.error_if_exists: 0
2021/04/18-23:55:04.697447 7f0a4efdd700        Options.paranoid_checks: 0
2021/04/18-23:55:04.697631 7f0a4efdd700     Options.verify_compactions: 1
2021/04/18-23:55:04.697849 7f0a4efdd700                    Options.env: 0x7f0aa80048c0
2021/04/18-23:55:04.698107 7f0a4efdd700               Options.info_log: 0x7f0a7000aef0
2021/04/18-23:55:04.698527 7f0a4efdd700      Options.write_buffer_size: 50585358
2021/04/18-23:55:04.698709 7f0a4efdd700         Options.max_open_files: 1000
2021/04/18-23:55:04.698908 7f0a4efdd700            Options.block_cache: 0x7f0a7000a260
2021/04/18-23:55:04.699082 7f0a4efdd700             Options.block_size: 4096
2021/04/18-23:55:04.699261 7f0a4efdd700       Options.block_size_steps: 16
2021/04/18-23:55:04.699431 7f0a4efdd700 Options.block_restart_interval: 16
2021/04/18-23:55:04.699601 7f0a4efdd700            Options.compression: 1
2021/04/18-23:55:04.699775 7f0a4efdd700          Options.filter_policy: leveldb.BuiltinBloomFilter2
2021/04/18-23:55:04.699952 7f0a4efdd700              Options.is_repair: false
2021/04/18-23:55:04.700145 7f0a4efdd700         Options.is_internal_db: false
2021/04/18-23:55:04.700322 7f0a4efdd700      Options.total_leveldb_mem: 9228008652
2021/04/18-23:55:04.700513 7f0a4efdd700  Options.block_cache_threshold: 33554432
2021/04/18-23:55:04.700687 7f0a4efdd700  Options.limited_developer_mem: false
2021/04/18-23:55:04.700896 7f0a4efdd700              Options.mmap_size: 0
2021/04/18-23:55:04.701055 7f0a4efdd700       Options.delete_threshold: 1000
2021/04/18-23:55:04.701227 7f0a4efdd700       Options.fadvise_willneed: false
2021/04/18-23:55:04.701390 7f0a4efdd700      Options.tiered_slow_level: 0
2021/04/18-23:55:04.701553 7f0a4efdd700     Options.tiered_fast_prefix: ./data/msgstore/2
2021/04/18-23:55:04.701714 7f0a4efdd700     Options.tiered_slow_prefix: ./data/msgstore/2
2021/04/18-23:55:04.701873 7f0a4efdd700                         crc32c: hardware
2021/04/18-23:55:04.702042 7f0a4efdd700   Options.cache_object_warming: true
2021/04/18-23:55:04.702203 7f0a4efdd700        Options.ExpiryActivated: false
2021/04/18-23:55:04.702360 7f0a4efdd700          Options.expiry_module: NULL
2021/04/18-23:55:04.702521 7f0a4efdd700                File cache size: 390319244
2021/04/18-23:55:04.702688 7f0a4efdd700               Block cache size: 392416396
2021/04/18-23:55:04.713815 7f0a4efdd700 Recovering log #11
2021/04/18-23:55:04.731900 7f0a4efdd700 Delete type=0 #11
2021/04/18-23:55:04.732909 7f0a4efdd700 Delete type=3 #10
