2021/04/18-23:55:04.867131 7f0a4efdd700                        Version: 2.0.35 (open source)
2021/04/18-23:55:04.867559 7f0a4efdd700             Options.comparator: leveldb.InternalKeyComparator
2021/04/18-23:55:04.867725 7f0a4efdd700      Options.create_if_missing: 1
2021/04/18-23:55:04.867888 7f0a4efdd700        Options.error_if_exists: 0
2021/04/18-23:55:04.868052 7f0a4efdd700        Options.paranoid_checks: 0
2021/04/18-23:55:04.868214 7f0a4efdd700     Options.verify_compactions: 1
2021/04/18-23:55:04.868367 7f0a4efdd700                    Options.env: 0x7f0aa80048c0
2021/04/18-23:55:04.868527 7f0a4efdd700               Options.info_log: 0x7f0a70017190
2021/04/18-23:55:04.868835 7f0a4efdd700      Options.write_buffer_size: 53982439
2021/04/18-23:55:04.868993 7f0a4efdd700         Options.max_open_files: 1000
2021/04/18-23:55:04.869161 7f0a4efdd700            Options.block_cache: 0x7f0a70016500
2021/04/18-23:55:04.869316 7f0a4efdd700             Options.block_size: 4096
2021/04/18-23:55:04.869469 7f0a4efdd700       Options.block_size_steps: 16
2021/04/18-23:55:04.869617 7f0a4efdd700 Options.block_restart_interval: 16
2021/04/18-23:55:04.869769 7f0a4efdd700            Options.compression: 1
2021/04/18-23:55:04.869918 7f0a4efdd700          Options.filter_policy: leveldb.BuiltinBloomFilter2
2021/04/18-23:55:04.870088 7f0a4efdd700              Options.is_repair: false
2021/04/18-23:55:04.870232 7f0a4efdd700         Options.is_internal_db: false
2021/04/18-23:55:04.870381 7f0a4efdd700      Options.total_leveldb_mem: 9228008652
2021/04/18-23:55:04.870529 7f0a4efdd700  Options.block_cache_threshold: 33554432
2021/04/18-23:55:04.870677 7f0a4efdd700  Options.limited_developer_mem: false
2021/04/18-23:55:04.870824 7f0a4efdd700              Options.mmap_size: 0
2021/04/18-23:55:04.870995 7f0a4efdd700       Options.delete_threshold: 1000
2021/04/18-23:55:04.871149 7f0a4efdd700       Options.fadvise_willneed: false
2021/04/18-23:55:04.871302 7f0a4efdd700      Options.tiered_slow_level: 0
2021/04/18-23:55:04.871449 7f0a4efdd700     Options.tiered_fast_prefix: ./data/msgstore/5
2021/04/18-23:55:04.871599 7f0a4efdd700     Options.tiered_slow_prefix: ./data/msgstore/5
2021/04/18-23:55:04.871755 7f0a4efdd700                         crc32c: hardware
2021/04/18-23:55:04.871903 7f0a4efdd700   Options.cache_object_warming: true
2021/04/18-23:55:04.872063 7f0a4efdd700        Options.ExpiryActivated: false
2021/04/18-23:55:04.872216 7f0a4efdd700          Options.expiry_module: NULL
2021/04/18-23:55:04.872367 7f0a4efdd700                File cache size: 288204812
2021/04/18-23:55:04.872515 7f0a4efdd700               Block cache size: 290301964
2021/04/18-23:55:04.882332 7f0a4efdd700 Recovering log #11
2021/04/18-23:55:04.900547 7f0a4efdd700 Delete type=0 #11
2021/04/18-23:55:04.901593 7f0a4efdd700 Delete type=3 #10
