2021/04/18-23:55:03.961724 7f0a4e7dc700                        Version: 2.0.35 (open source)
2021/04/18-23:55:03.962255 7f0a4e7dc700             Options.comparator: leveldb.InternalKeyComparator
2021/04/18-23:55:03.962458 7f0a4e7dc700      Options.create_if_missing: 1
2021/04/18-23:55:03.962665 7f0a4e7dc700        Options.error_if_exists: 0
2021/04/18-23:55:03.962885 7f0a4e7dc700        Options.paranoid_checks: 0
2021/04/18-23:55:03.963125 7f0a4e7dc700     Options.verify_compactions: 1
2021/04/18-23:55:03.963325 7f0a4e7dc700                    Options.env: 0x7f0aa80048c0
2021/04/18-23:55:03.963503 7f0a4e7dc700               Options.info_log: 0x7f0a74012380
2021/04/18-23:55:03.963880 7f0a4e7dc700      Options.write_buffer_size: 37804835
2021/04/18-23:55:03.964059 7f0a4e7dc700         Options.max_open_files: 1000
2021/04/18-23:55:03.964236 7f0a4e7dc700            Options.block_cache: 0x7f0a74013060
2021/04/18-23:55:03.964428 7f0a4e7dc700             Options.block_size: 4096
2021/04/18-23:55:03.964617 7f0a4e7dc700       Options.block_size_steps: 16
2021/04/18-23:55:03.964806 7f0a4e7dc700 Options.block_restart_interval: 16
2021/04/18-23:55:03.964975 7f0a4e7dc700            Options.compression: 1
2021/04/18-23:55:03.965166 7f0a4e7dc700          Options.filter_policy: leveldb.BuiltinBloomFilter2
2021/04/18-23:55:03.965357 7f0a4e7dc700              Options.is_repair: false
2021/04/18-23:55:03.965540 7f0a4e7dc700         Options.is_internal_db: false
2021/04/18-23:55:03.965724 7f0a4e7dc700      Options.total_leveldb_mem: 9228008652
2021/04/18-23:55:03.965917 7f0a4e7dc700  Options.block_cache_threshold: 33554432
2021/04/18-23:55:03.966095 7f0a4e7dc700  Options.limited_developer_mem: false
2021/04/18-23:55:03.966272 7f0a4e7dc700              Options.mmap_size: 0
2021/04/18-23:55:03.966466 7f0a4e7dc700       Options.delete_threshold: 1000
2021/04/18-23:55:03.966647 7f0a4e7dc700       Options.fadvise_willneed: false
2021/04/18-23:55:03.966853 7f0a4e7dc700      Options.tiered_slow_level: 0
2021/04/18-23:55:03.967031 7f0a4e7dc700     Options.tiered_fast_prefix: ./data/meta/meta/5
2021/04/18-23:55:03.967229 7f0a4e7dc700     Options.tiered_slow_prefix: ./data/meta/meta/5
2021/04/18-23:55:03.967414 7f0a4e7dc700                         crc32c: hardware
2021/04/18-23:55:03.967604 7f0a4e7dc700   Options.cache_object_warming: true
2021/04/18-23:55:03.967803 7f0a4e7dc700        Options.ExpiryActivated: false
2021/04/18-23:55:03.967980 7f0a4e7dc700          Options.expiry_module: NULL
2021/04/18-23:55:03.968150 7f0a4e7dc700                File cache size: 1435087304
2021/04/18-23:55:03.968331 7f0a4e7dc700               Block cache size: 1437184456
2021/04/18-23:55:03.980182 7f0a4e7dc700 Recovering log #11
2021/04/18-23:55:04.005531 7f0a4e7dc700 Delete type=0 #11
2021/04/18-23:55:04.006821 7f0a4e7dc700 Delete type=3 #10
