2021/04/18-23:55:05.148024 7f0a4efdd700                        Version: 2.0.35 (open source)
2021/04/18-23:55:05.148453 7f0a4efdd700             Options.comparator: leveldb.InternalKeyComparator
2021/04/18-23:55:05.148624 7f0a4efdd700      Options.create_if_missing: 1
2021/04/18-23:55:05.148782 7f0a4efdd700        Options.error_if_exists: 0
2021/04/18-23:55:05.148944 7f0a4efdd700        Options.paranoid_checks: 0
2021/04/18-23:55:05.149107 7f0a4efdd700     Options.verify_compactions: 1
2021/04/18-23:55:05.149269 7f0a4efdd700                    Options.env: 0x7f0aa80048c0
2021/04/18-23:55:05.149425 7f0a4efdd700               Options.info_log: 0x7f0a7002b5f0
2021/04/18-23:55:05.149812 7f0a4efdd700      Options.write_buffer_size: 57057101
2021/04/18-23:55:05.150057 7f0a4efdd700         Options.max_open_files: 1000
2021/04/18-23:55:05.150258 7f0a4efdd700            Options.block_cache: 0x7f0a7002a960
2021/04/18-23:55:05.150418 7f0a4efdd700             Options.block_size: 4096
2021/04/18-23:55:05.150598 7f0a4efdd700       Options.block_size_steps: 16
2021/04/18-23:55:05.150750 7f0a4efdd700 Options.block_restart_interval: 16
2021/04/18-23:55:05.150902 7f0a4efdd700            Options.compression: 1
2021/04/18-23:55:05.151054 7f0a4efdd700          Options.filter_policy: leveldb.BuiltinBloomFilter2
2021/04/18-23:55:05.151202 7f0a4efdd700              Options.is_repair: false
2021/04/18-23:55:05.151350 7f0a4efdd700         Options.is_internal_db: false
2021/04/18-23:55:05.151495 7f0a4efdd700      Options.total_leveldb_mem: 9228008652
2021/04/18-23:55:05.151659 7f0a4efdd700  Options.block_cache_threshold: 33554432
2021/04/18-23:55:05.151817 7f0a4efdd700  Options.limited_developer_mem: false
2021/04/18-23:55:05.151974 7f0a4efdd700              Options.mmap_size: 0
2021/04/18-23:55:05.152123 7f0a4efdd700       Options.delete_threshold: 1000
2021/04/18-23:55:05.152273 7f0a4efdd700       Options.fadvise_willneed: false
2021/04/18-23:55:05.152422 7f0a4efdd700      Options.tiered_slow_level: 0
2021/04/18-23:55:05.152574 7f0a4efdd700     Options.tiered_fast_prefix: ./data/msgstore/10
2021/04/18-23:55:05.152739 7f0a4efdd700     Options.tiered_slow_prefix: ./data/msgstore/10
2021/04/18-23:55:05.152885 7f0a4efdd700                         crc32c: hardware
2021/04/18-23:55:05.153031 7f0a4efdd700   Options.cache_object_warming: true
2021/04/18-23:55:05.153182 7f0a4efdd700        Options.ExpiryActivated: false
2021/04/18-23:55:05.153334 7f0a4efdd700          Options.expiry_module: NULL
2021/04/18-23:55:05.153481 7f0a4efdd700                File cache size: 181310436
2021/04/18-23:55:05.153637 7f0a4efdd700               Block cache size: 183407588
2021/04/18-23:55:05.164035 7f0a4efdd700 Recovering log #11
2021/04/18-23:55:05.182190 7f0a4efdd700 Delete type=0 #11
2021/04/18-23:55:05.183191 7f0a4efdd700 Delete type=3 #10
