2021/04/18-23:55:05.037880 7f0a4efdd700                        Version: 2.0.35 (open source)
2021/04/18-23:55:05.038270 7f0a4efdd700             Options.comparator: leveldb.InternalKeyComparator
2021/04/18-23:55:05.038435 7f0a4efdd700      Options.create_if_missing: 1
2021/04/18-23:55:05.038594 7f0a4efdd700        Options.error_if_exists: 0
2021/04/18-23:55:05.038747 7f0a4efdd700        Options.paranoid_checks: 0
2021/04/18-23:55:05.038902 7f0a4efdd700     Options.verify_compactions: 1
2021/04/18-23:55:05.039060 7f0a4efdd700                    Options.env: 0x7f0aa80048c0
2021/04/18-23:55:05.039207 7f0a4efdd700               Options.info_log: 0x7f0a70023430
2021/04/18-23:55:05.039503 7f0a4efdd700      Options.write_buffer_size: 39677556
2021/04/18-23:55:05.039655 7f0a4efdd700         Options.max_open_files: 1000
2021/04/18-23:55:05.039800 7f0a4efdd700            Options.block_cache: 0x7f0a700227a0
2021/04/18-23:55:05.039948 7f0a4efdd700             Options.block_size: 4096
2021/04/18-23:55:05.040090 7f0a4efdd700       Options.block_size_steps: 16
2021/04/18-23:55:05.040243 7f0a4efdd700 Options.block_restart_interval: 16
2021/04/18-23:55:05.040397 7f0a4efdd700            Options.compression: 1
2021/04/18-23:55:05.040551 7f0a4efdd700          Options.filter_policy: leveldb.BuiltinBloomFilter2
2021/04/18-23:55:05.040703 7f0a4efdd700              Options.is_repair: false
2021/04/18-23:55:05.040857 7f0a4efdd700         Options.is_internal_db: false
2021/04/18-23:55:05.041004 7f0a4efdd700      Options.total_leveldb_mem: 9228008652
2021/04/18-23:55:05.041156 7f0a4efdd700  Options.block_cache_threshold: 33554432
2021/04/18-23:55:05.041299 7f0a4efdd700  Options.limited_developer_mem: false
2021/04/18-23:55:05.041446 7f0a4efdd700              Options.mmap_size: 0
2021/04/18-23:55:05.041595 7f0a4efdd700       Options.delete_threshold: 1000
2021/04/18-23:55:05.041743 7f0a4efdd700       Options.fadvise_willneed: false
2021/04/18-23:55:05.041883 7f0a4efdd700      Options.tiered_slow_level: 0
2021/04/18-23:55:05.042029 7f0a4efdd700     Options.tiered_fast_prefix: ./data/msgstore/8
2021/04/18-23:55:05.042220 7f0a4efdd700     Options.tiered_slow_prefix: ./data/msgstore/8
2021/04/18-23:55:05.042453 7f0a4efdd700                         crc32c: hardware
2021/04/18-23:55:05.042663 7f0a4efdd700   Options.cache_object_warming: true
2021/04/18-23:55:05.042907 7f0a4efdd700        Options.ExpiryActivated: false
2021/04/18-23:55:05.043163 7f0a4efdd700          Options.expiry_module: NULL
2021/04/18-23:55:05.043345 7f0a4efdd700                File cache size: 261212282
2021/04/18-23:55:05.043495 7f0a4efdd700               Block cache size: 263309434
2021/04/18-23:55:05.053414 7f0a4efdd700 Recovering log #11
2021/04/18-23:55:05.069040 7f0a4efdd700 Delete type=0 #11
2021/04/18-23:55:05.069946 7f0a4efdd700 Delete type=3 #10
