2021/04/18-23:55:04.236100 7f0a4e7dc700                        Version: 2.0.35 (open source)
2021/04/18-23:55:04.236535 7f0a4e7dc700             Options.comparator: leveldb.InternalKeyComparator
2021/04/18-23:55:04.236695 7f0a4e7dc700      Options.create_if_missing: 1
2021/04/18-23:55:04.236906 7f0a4e7dc700        Options.error_if_exists: 0
2021/04/18-23:55:04.237125 7f0a4e7dc700        Options.paranoid_checks: 0
2021/04/18-23:55:04.237344 7f0a4e7dc700     Options.verify_compactions: 1
2021/04/18-23:55:04.237550 7f0a4e7dc700                    Options.env: 0x7f0aa80048c0
2021/04/18-23:55:04.237778 7f0a4e7dc700               Options.info_log: 0x7f0a74023a40
2021/04/18-23:55:04.238197 7f0a4e7dc700      Options.write_buffer_size: 31872923
2021/04/18-23:55:04.238411 7f0a4e7dc700         Options.max_open_files: 1000
2021/04/18-23:55:04.238635 7f0a4e7dc700            Options.block_cache: 0x7f0a740249e0
2021/04/18-23:55:04.238862 7f0a4e7dc700             Options.block_size: 4096
2021/04/18-23:55:04.239101 7f0a4e7dc700       Options.block_size_steps: 16
2021/04/18-23:55:04.239260 7f0a4e7dc700 Options.block_restart_interval: 16
2021/04/18-23:55:04.239462 7f0a4e7dc700            Options.compression: 1
2021/04/18-23:55:04.239630 7f0a4e7dc700          Options.filter_policy: leveldb.BuiltinBloomFilter2
2021/04/18-23:55:04.239797 7f0a4e7dc700              Options.is_repair: false
2021/04/18-23:55:04.239951 7f0a4e7dc700         Options.is_internal_db: false
2021/04/18-23:55:04.240103 7f0a4e7dc700      Options.total_leveldb_mem: 9228008652
2021/04/18-23:55:04.240347 7f0a4e7dc700  Options.block_cache_threshold: 33554432
2021/04/18-23:55:04.240600 7f0a4e7dc700  Options.limited_developer_mem: false
2021/04/18-23:55:04.240810 7f0a4e7dc700              Options.mmap_size: 0
2021/04/18-23:55:04.240976 7f0a4e7dc700       Options.delete_threshold: 1000
2021/04/18-23:55:04.241130 7f0a4e7dc700       Options.fadvise_willneed: false
2021/04/18-23:55:04.241296 7f0a4e7dc700      Options.tiered_slow_level: 0
2021/04/18-23:55:04.241449 7f0a4e7dc700     Options.tiered_fast_prefix: ./data/meta/meta/9
2021/04/18-23:55:04.241609 7f0a4e7dc700     Options.tiered_slow_prefix: ./data/meta/meta/9
2021/04/18-23:55:04.241802 7f0a4e7dc700                         crc32c: hardware
2021/04/18-23:55:04.241969 7f0a4e7dc700   Options.cache_object_warming: true
2021/04/18-23:55:04.242122 7f0a4e7dc700        Options.ExpiryActivated: false
2021/04/18-23:55:04.242277 7f0a4e7dc700          Options.expiry_module: NULL
2021/04/18-23:55:04.242425 7f0a4e7dc700                File cache size: 835705159
2021/04/18-23:55:04.242578 7f0a4e7dc700               Block cache size: 837802311
2021/04/18-23:55:04.253836 7f0a4e7dc700 Recovering log #11
2021/04/18-23:55:04.274703 7f0a4e7dc700 Delete type=0 #11
2021/04/18-23:55:04.276036 7f0a4e7dc700 Delete type=3 #10
