2021/04/18-23:55:04.298224 7f0a4e7dc700                        Version: 2.0.35 (open source)
2021/04/18-23:55:04.298696 7f0a4e7dc700             Options.comparator: leveldb.InternalKeyComparator
2021/04/18-23:55:04.298922 7f0a4e7dc700      Options.create_if_missing: 1
2021/04/18-23:55:04.299099 7f0a4e7dc700        Options.error_if_exists: 0
2021/04/18-23:55:04.299285 7f0a4e7dc700        Options.paranoid_checks: 0
2021/04/18-23:55:04.299463 7f0a4e7dc700     Options.verify_compactions: 1
2021/04/18-23:55:04.299641 7f0a4e7dc700                    Options.env: 0x7f0aa80048c0
2021/04/18-23:55:04.299812 7f0a4e7dc700               Options.info_log: 0x7f0a74027730
2021/04/18-23:55:04.300164 7f0a4e7dc700      Options.write_buffer_size: 51064296
2021/04/18-23:55:04.300344 7f0a4e7dc700         Options.max_open_files: 1000
2021/04/18-23:55:04.300504 7f0a4e7dc700            Options.block_cache: 0x7f0a740286d0
2021/04/18-23:55:04.300665 7f0a4e7dc700             Options.block_size: 4096
2021/04/18-23:55:04.300841 7f0a4e7dc700       Options.block_size_steps: 16
2021/04/18-23:55:04.301039 7f0a4e7dc700 Options.block_restart_interval: 16
2021/04/18-23:55:04.301208 7f0a4e7dc700            Options.compression: 1
2021/04/18-23:55:04.301367 7f0a4e7dc700          Options.filter_policy: leveldb.BuiltinBloomFilter2
2021/04/18-23:55:04.301526 7f0a4e7dc700              Options.is_repair: false
2021/04/18-23:55:04.301689 7f0a4e7dc700         Options.is_internal_db: false
2021/04/18-23:55:04.301871 7f0a4e7dc700      Options.total_leveldb_mem: 9228008652
2021/04/18-23:55:04.302048 7f0a4e7dc700  Options.block_cache_threshold: 33554432
2021/04/18-23:55:04.302208 7f0a4e7dc700  Options.limited_developer_mem: false
2021/04/18-23:55:04.302370 7f0a4e7dc700              Options.mmap_size: 0
2021/04/18-23:55:04.302533 7f0a4e7dc700       Options.delete_threshold: 1000
2021/04/18-23:55:04.302701 7f0a4e7dc700       Options.fadvise_willneed: false
2021/04/18-23:55:04.302863 7f0a4e7dc700      Options.tiered_slow_level: 0
2021/04/18-23:55:04.303036 7f0a4e7dc700     Options.tiered_fast_prefix: ./data/meta/meta/10
2021/04/18-23:55:04.303188 7f0a4e7dc700     Options.tiered_slow_prefix: ./data/meta/meta/10
2021/04/18-23:55:04.303351 7f0a4e7dc700                         crc32c: hardware
2021/04/18-23:55:04.303504 7f0a4e7dc700   Options.cache_object_warming: true
2021/04/18-23:55:04.303664 7f0a4e7dc700        Options.ExpiryActivated: false
2021/04/18-23:55:04.303824 7f0a4e7dc700          Options.expiry_module: NULL
2021/04/18-23:55:04.304006 7f0a4e7dc700                File cache size: 700637173
2021/04/18-23:55:04.304175 7f0a4e7dc700               Block cache size: 702734325
2021/04/18-23:55:04.315048 7f0a4e7dc700 Recovering log #11
2021/04/18-23:55:04.332941 7f0a4e7dc700 Delete type=0 #11
2021/04/18-23:55:04.333921 7f0a4e7dc700 Delete type=3 #10
