2021/04/18-23:55:04.753865 7f0a4efdd700                        Version: 2.0.35 (open source)
2021/04/18-23:55:04.754300 7f0a4efdd700             Options.comparator: leveldb.InternalKeyComparator
2021/04/18-23:55:04.754519 7f0a4efdd700      Options.create_if_missing: 1
2021/04/18-23:55:04.754688 7f0a4efdd700        Options.error_if_exists: 0
2021/04/18-23:55:04.754858 7f0a4efdd700        Options.paranoid_checks: 0
2021/04/18-23:55:04.755030 7f0a4efdd700     Options.verify_compactions: 1
2021/04/18-23:55:04.755252 7f0a4efdd700                    Options.env: 0x7f0aa80048c0
2021/04/18-23:55:04.755415 7f0a4efdd700               Options.info_log: 0x7f0a7000efd0
2021/04/18-23:55:04.755728 7f0a4efdd700      Options.write_buffer_size: 34635911
2021/04/18-23:55:04.755884 7f0a4efdd700         Options.max_open_files: 1000
2021/04/18-23:55:04.756043 7f0a4efdd700            Options.block_cache: 0x7f0a7000e340
2021/04/18-23:55:04.756198 7f0a4efdd700             Options.block_size: 4096
2021/04/18-23:55:04.756356 7f0a4efdd700       Options.block_size_steps: 16
2021/04/18-23:55:04.756512 7f0a4efdd700 Options.block_restart_interval: 16
2021/04/18-23:55:04.756672 7f0a4efdd700            Options.compression: 1
2021/04/18-23:55:04.756824 7f0a4efdd700          Options.filter_policy: leveldb.BuiltinBloomFilter2
2021/04/18-23:55:04.756989 7f0a4efdd700              Options.is_repair: false
2021/04/18-23:55:04.757189 7f0a4efdd700         Options.is_internal_db: false
2021/04/18-23:55:04.757351 7f0a4efdd700      Options.total_leveldb_mem: 9228008652
2021/04/18-23:55:04.757509 7f0a4efdd700  Options.block_cache_threshold: 33554432
2021/04/18-23:55:04.757662 7f0a4efdd700  Options.limited_developer_mem: false
2021/04/18-23:55:04.757817 7f0a4efdd700              Options.mmap_size: 0
2021/04/18-23:55:04.757973 7f0a4efdd700       Options.delete_threshold: 1000
2021/04/18-23:55:04.758132 7f0a4efdd700       Options.fadvise_willneed: false
2021/04/18-23:55:04.758286 7f0a4efdd700      Options.tiered_slow_level: 0
2021/04/18-23:55:04.758462 7f0a4efdd700     Options.tiered_fast_prefix: ./data/msgstore/3
2021/04/18-23:55:04.758616 7f0a4efdd700     Options.tiered_slow_prefix: ./data/msgstore/3
2021/04/18-23:55:04.758770 7f0a4efdd700                         crc32c: hardware
2021/04/18-23:55:04.758975 7f0a4efdd700   Options.cache_object_warming: true
2021/04/18-23:55:04.759141 7f0a4efdd700        Options.ExpiryActivated: false
2021/04/18-23:55:04.759310 7f0a4efdd700          Options.expiry_module: NULL
2021/04/18-23:55:04.759474 7f0a4efdd700                File cache size: 397696787
2021/04/18-23:55:04.759629 7f0a4efdd700               Block cache size: 399793939
2021/04/18-23:55:04.769999 7f0a4efdd700 Recovering log #11
2021/04/18-23:55:04.789713 7f0a4efdd700 Delete type=0 #11
2021/04/18-23:55:04.790901 7f0a4efdd700 Delete type=3 #10
