2021/04/18-23:55:04.633571 7f0a4efdd700                        Version: 2.0.35 (open source)
2021/04/18-23:55:04.634068 7f0a4efdd700             Options.comparator: leveldb.InternalKeyComparator
2021/04/18-23:55:04.634303 7f0a4efdd700      Options.create_if_missing: 1
2021/04/18-23:55:04.634500 7f0a4efdd700        Options.error_if_exists: 0
2021/04/18-23:55:04.634683 7f0a4efdd700        Options.paranoid_checks: 0
2021/04/18-23:55:04.634852 7f0a4efdd700     Options.verify_compactions: 1
2021/04/18-23:55:04.635037 7f0a4efdd700                    Options.env: 0x7f0aa80048c0
2021/04/18-23:55:04.635252 7f0a4efdd700               Options.info_log: 0x7f0a70003fb0
2021/04/18-23:55:04.636258 7f0a4efdd700      Options.write_buffer_size: 50514928
2021/04/18-23:55:04.636462 7f0a4efdd700         Options.max_open_files: 1000
2021/04/18-23:55:04.636652 7f0a4efdd700            Options.block_cache: 0x7f0a70005130
2021/04/18-23:55:04.636856 7f0a4efdd700             Options.block_size: 4096
2021/04/18-23:55:04.637065 7f0a4efdd700       Options.block_size_steps: 16
2021/04/18-23:55:04.637242 7f0a4efdd700 Options.block_restart_interval: 16
2021/04/18-23:55:04.637425 7f0a4efdd700            Options.compression: 1
2021/04/18-23:55:04.637613 7f0a4efdd700          Options.filter_policy: leveldb.BuiltinBloomFilter2
2021/04/18-23:55:04.637790 7f0a4efdd700              Options.is_repair: false
2021/04/18-23:55:04.637988 7f0a4efdd700         Options.is_internal_db: false
2021/04/18-23:55:04.638160 7f0a4efdd700      Options.total_leveldb_mem: 9228008652
2021/04/18-23:55:04.638333 7f0a4efdd700  Options.block_cache_threshold: 33554432
2021/04/18-23:55:04.638547 7f0a4efdd700  Options.limited_developer_mem: false
2021/04/18-23:55:04.638763 7f0a4efdd700              Options.mmap_size: 0
2021/04/18-23:55:04.638984 7f0a4efdd700       Options.delete_threshold: 1000
2021/04/18-23:55:04.639163 7f0a4efdd700       Options.fadvise_willneed: false
2021/04/18-23:55:04.639327 7f0a4efdd700      Options.tiered_slow_level: 0
2021/04/18-23:55:04.639501 7f0a4efdd700     Options.tiered_fast_prefix: ./data/msgstore/1
2021/04/18-23:55:04.639667 7f0a4efdd700     Options.tiered_slow_prefix: ./data/msgstore/1
2021/04/18-23:55:04.639894 7f0a4efdd700                         crc32c: hardware
2021/04/18-23:55:04.640081 7f0a4efdd700   Options.cache_object_warming: true
2021/04/18-23:55:04.640358 7f0a4efdd700        Options.ExpiryActivated: false
2021/04/18-23:55:04.640563 7f0a4efdd700          Options.expiry_module: NULL
2021/04/18-23:55:04.640751 7f0a4efdd700                File cache size: 431069735
2021/04/18-23:55:04.640953 7f0a4efdd700               Block cache size: 433166887
2021/04/18-23:55:04.652571 7f0a4efdd700 Recovering log #11
2021/04/18-23:55:04.671743 7f0a4efdd700 Delete type=0 #11
2021/04/18-23:55:04.672822 7f0a4efdd700 Delete type=3 #10
