2021/04/18-23:55:04.354824 7f0a4e7dc700                        Version: 2.0.35 (open source)
2021/04/18-23:55:04.355353 7f0a4e7dc700             Options.comparator: leveldb.InternalKeyComparator
2021/04/18-23:55:04.355531 7f0a4e7dc700      Options.create_if_missing: 1
2021/04/18-23:55:04.355716 7f0a4e7dc700        Options.error_if_exists: 0
2021/04/18-23:55:04.355887 7f0a4e7dc700        Options.paranoid_checks: 0
2021/04/18-23:55:04.356054 7f0a4e7dc700     Options.verify_compactions: 1
2021/04/18-23:55:04.356237 7f0a4e7dc700                    Options.env: 0x7f0aa80048c0
2021/04/18-23:55:04.356411 7f0a4e7dc700               Options.info_log: 0x7f0a7402ad40
2021/04/18-23:55:04.356737 7f0a4e7dc700      Options.write_buffer_size: 45704167
2021/04/18-23:55:04.356942 7f0a4e7dc700         Options.max_open_files: 1000
2021/04/18-23:55:04.357100 7f0a4e7dc700            Options.block_cache: 0x7f0a7402c3f0
2021/04/18-23:55:04.357368 7f0a4e7dc700             Options.block_size: 4096
2021/04/18-23:55:04.357532 7f0a4e7dc700       Options.block_size_steps: 16
2021/04/18-23:55:04.357688 7f0a4e7dc700 Options.block_restart_interval: 16
2021/04/18-23:55:04.357845 7f0a4e7dc700            Options.compression: 1
2021/04/18-23:55:04.358000 7f0a4e7dc700          Options.filter_policy: leveldb.BuiltinBloomFilter2
2021/04/18-23:55:04.358174 7f0a4e7dc700              Options.is_repair: false
2021/04/18-23:55:04.358343 7f0a4e7dc700         Options.is_internal_db: false
2021/04/18-23:55:04.358507 7f0a4e7dc700      Options.total_leveldb_mem: 9228008652
2021/04/18-23:55:04.358676 7f0a4e7dc700  Options.block_cache_threshold: 33554432
2021/04/18-23:55:04.358852 7f0a4e7dc700  Options.limited_developer_mem: false
2021/04/18-23:55:04.359012 7f0a4e7dc700              Options.mmap_size: 0
2021/04/18-23:55:04.359188 7f0a4e7dc700       Options.delete_threshold: 1000
2021/04/18-23:55:04.359347 7f0a4e7dc700       Options.fadvise_willneed: false
2021/04/18-23:55:04.359506 7f0a4e7dc700      Options.tiered_slow_level: 0
2021/04/18-23:55:04.359668 7f0a4e7dc700     Options.tiered_fast_prefix: ./data/meta/meta/11
2021/04/18-23:55:04.359842 7f0a4e7dc700     Options.tiered_slow_prefix: ./data/meta/meta/11
2021/04/18-23:55:04.360003 7f0a4e7dc700                         crc32c: hardware
2021/04/18-23:55:04.360158 7f0a4e7dc700   Options.cache_object_warming: true
2021/04/18-23:55:04.360335 7f0a4e7dc700        Options.ExpiryActivated: false
2021/04/18-23:55:04.360500 7f0a4e7dc700          Options.expiry_module: NULL
2021/04/18-23:55:04.360661 7f0a4e7dc700                File cache size: 645021695
2021/04/18-23:55:04.360824 7f0a4e7dc700               Block cache size: 647118847
2021/04/18-23:55:04.371280 7f0a4e7dc700 Recovering log #11
2021/04/18-23:55:04.391450 7f0a4e7dc700 Delete type=0 #11
2021/04/18-23:55:04.392609 7f0a4e7dc700 Delete type=3 #10
