2021/04/18-23:55:05.271018 7f0a4efdd700                        Version: 2.0.35 (open source)
2021/04/18-23:55:05.271609 7f0a4efdd700             Options.comparator: leveldb.InternalKeyComparator
2021/04/18-23:55:05.271838 7f0a4efdd700      Options.create_if_missing: 1
2021/04/18-23:55:05.272047 7f0a4efdd700        Options.error_if_exists: 0
2021/04/18-23:55:05.272251 7f0a4efdd700        Options.paranoid_checks: 0
2021/04/18-23:55:05.272454 7f0a4efdd700     Options.verify_compactions: 1
2021/04/18-23:55:05.272701 7f0a4efdd700                    Options.env: 0x7f0aa80048c0
2021/04/18-23:55:05.272984 7f0a4efdd700               Options.info_log: 0x7f0a700337b0
2021/04/18-23:55:05.273608 7f0a4efdd700      Options.write_buffer_size: 58466845
2021/04/18-23:55:05.273787 7f0a4efdd700         Options.max_open_files: 1000
2021/04/18-23:55:05.273961 7f0a4efdd700            Options.block_cache: 0x7f0a70032b20
2021/04/18-23:55:05.274183 7f0a4efdd700             Options.block_size: 4096
2021/04/18-23:55:05.274377 7f0a4efdd700       Options.block_size_steps: 16
2021/04/18-23:55:05.274584 7f0a4efdd700 Options.block_restart_interval: 16
2021/04/18-23:55:05.274792 7f0a4efdd700            Options.compression: 1
2021/04/18-23:55:05.274967 7f0a4efdd700          Options.filter_policy: leveldb.BuiltinBloomFilter2
2021/04/18-23:55:05.275181 7f0a4efdd700              Options.is_repair: false
2021/04/18-23:55:05.275420 7f0a4efdd700         Options.is_internal_db: false
2021/04/18-23:55:05.275729 7f0a4efdd700      Options.total_leveldb_mem: 9228008652
2021/04/18-23:55:05.276036 7f0a4efdd700  Options.block_cache_threshold: 33554432
2021/04/18-23:55:05.276243 7f0a4efdd700  Options.limited_developer_mem: false
2021/04/18-23:55:05.276475 7f0a4efdd700              Options.mmap_size: 0
2021/04/18-23:55:05.276708 7f0a4efdd700       Options.delete_threshold: 1000
2021/04/18-23:55:05.276909 7f0a4efdd700       Options.fadvise_willneed: false
2021/04/18-23:55:05.277097 7f0a4efdd700      Options.tiered_slow_level: 0
2021/04/18-23:55:05.277272 7f0a4efdd700     Options.tiered_fast_prefix: ./data/msgstore/12
2021/04/18-23:55:05.277441 7f0a4efdd700     Options.tiered_slow_prefix: ./data/msgstore/12
2021/04/18-23:55:05.277644 7f0a4efdd700                         crc32c: hardware
2021/04/18-23:55:05.277823 7f0a4efdd700   Options.cache_object_warming: true
2021/04/18-23:55:05.277995 7f0a4efdd700        Options.ExpiryActivated: false
2021/04/18-23:55:05.278196 7f0a4efdd700          Options.expiry_module: NULL
2021/04/18-23:55:05.278425 7f0a4efdd700                File cache size: 149587454
2021/04/18-23:55:05.278621 7f0a4efdd700               Block cache size: 151684606
2021/04/18-23:55:05.291377 7f0a4efdd700 Recovering log #11
2021/04/18-23:55:05.311033 7f0a4efdd700 Delete type=0 #11
2021/04/18-23:55:05.312342 7f0a4efdd700 Delete type=3 #10
