2021/04/18-23:55:04.812225 7f0a4efdd700                        Version: 2.0.35 (open source)
2021/04/18-23:55:04.812624 7f0a4efdd700             Options.comparator: leveldb.InternalKeyComparator
2021/04/18-23:55:04.812839 7f0a4efdd700      Options.create_if_missing: 1
2021/04/18-23:55:04.813070 7f0a4efdd700        Options.error_if_exists: 0
2021/04/18-23:55:04.813291 7f0a4efdd700        Options.paranoid_checks: 0
2021/04/18-23:55:04.813462 7f0a4efdd700     Options.verify_compactions: 1
2021/04/18-23:55:04.813652 7f0a4efdd700                    Options.env: 0x7f0aa80048c0
2021/04/18-23:55:04.813836 7f0a4efdd700               Options.info_log: 0x7f0a700130b0
2021/04/18-23:55:04.814200 7f0a4efdd700      Options.write_buffer_size: 45762226
2021/04/18-23:55:04.814384 7f0a4efdd700         Options.max_open_files: 1000
2021/04/18-23:55:04.814574 7f0a4efdd700            Options.block_cache: 0x7f0a70012420
2021/04/18-23:55:04.814755 7f0a4efdd700             Options.block_size: 4096
2021/04/18-23:55:04.814948 7f0a4efdd700       Options.block_size_steps: 16
2021/04/18-23:55:04.815111 7f0a4efdd700 Options.block_restart_interval: 16
2021/04/18-23:55:04.815290 7f0a4efdd700            Options.compression: 1
2021/04/18-23:55:04.815468 7f0a4efdd700          Options.filter_policy: leveldb.BuiltinBloomFilter2
2021/04/18-23:55:04.815661 7f0a4efdd700              Options.is_repair: false
2021/04/18-23:55:04.815841 7f0a4efdd700         Options.is_internal_db: false
2021/04/18-23:55:04.815999 7f0a4efdd700      Options.total_leveldb_mem: 9228008652
2021/04/18-23:55:04.816151 7f0a4efdd700  Options.block_cache_threshold: 33554432
2021/04/18-23:55:04.816309 7f0a4efdd700  Options.limited_developer_mem: false
2021/04/18-23:55:04.816459 7f0a4efdd700              Options.mmap_size: 0
2021/04/18-23:55:04.816609 7f0a4efdd700       Options.delete_threshold: 1000
2021/04/18-23:55:04.816762 7f0a4efdd700       Options.fadvise_willneed: false
2021/04/18-23:55:04.816916 7f0a4efdd700      Options.tiered_slow_level: 0
2021/04/18-23:55:04.817088 7f0a4efdd700     Options.tiered_fast_prefix: ./data/msgstore/4
2021/04/18-23:55:04.817243 7f0a4efdd700     Options.tiered_slow_prefix: ./data/msgstore/4
2021/04/18-23:55:04.817400 7f0a4efdd700                         crc32c: hardware
2021/04/18-23:55:04.817557 7f0a4efdd700   Options.cache_object_warming: true
2021/04/18-23:55:04.817706 7f0a4efdd700        Options.ExpiryActivated: false
2021/04/18-23:55:04.817857 7f0a4efdd700          Options.expiry_module: NULL
2021/04/18-23:55:04.818016 7f0a4efdd700                File cache size: 337266584
2021/04/18-23:55:04.818170 7f0a4efdd700               Block cache size: 339363736
2021/04/18-23:55:04.827861 7f0a4efdd700 Recovering log #11
2021/04/18-23:55:04.846519 7f0a4efdd700 Delete type=0 #11
2021/04/18-23:55:04.847487 7f0a4efdd700 Delete type=3 #10
