2021/04/18-23:55:03.893130 7f0a4e7dc700                        Version: 2.0.35 (open source)
2021/04/18-23:55:03.893587 7f0a4e7dc700             Options.comparator: leveldb.InternalKeyComparator
2021/04/18-23:55:03.893801 7f0a4e7dc700      Options.create_if_missing: 1
2021/04/18-23:55:03.893989 7f0a4e7dc700        Options.error_if_exists: 0
2021/04/18-23:55:03.894187 7f0a4e7dc700        Options.paranoid_checks: 0
2021/04/18-23:55:03.894371 7f0a4e7dc700     Options.verify_compactions: 1
2021/04/18-23:55:03.894568 7f0a4e7dc700                    Options.env: 0x7f0aa80048c0
2021/04/18-23:55:03.894755 7f0a4e7dc700               Options.info_log: 0x7f0a740109b0
2021/04/18-23:55:03.895127 7f0a4e7dc700      Options.write_buffer_size: 38500386
2021/04/18-23:55:03.895332 7f0a4e7dc700         Options.max_open_files: 1000
2021/04/18-23:55:03.895590 7f0a4e7dc700            Options.block_cache: 0x7f0a7400fd20
2021/04/18-23:55:03.895771 7f0a4e7dc700             Options.block_size: 4096
2021/04/18-23:55:03.895980 7f0a4e7dc700       Options.block_size_steps: 16
2021/04/18-23:55:03.896272 7f0a4e7dc700 Options.block_restart_interval: 16
2021/04/18-23:55:03.896511 7f0a4e7dc700            Options.compression: 1
2021/04/18-23:55:03.896685 7f0a4e7dc700          Options.filter_policy: leveldb.BuiltinBloomFilter2
2021/04/18-23:55:03.896871 7f0a4e7dc700              Options.is_repair: false
2021/04/18-23:55:03.897050 7f0a4e7dc700         Options.is_internal_db: false
2021/04/18-23:55:03.897238 7f0a4e7dc700      Options.total_leveldb_mem: 9228008652
2021/04/18-23:55:03.897421 7f0a4e7dc700  Options.block_cache_threshold: 33554432
2021/04/18-23:55:03.897593 7f0a4e7dc700  Options.limited_developer_mem: false
2021/04/18-23:55:03.897765 7f0a4e7dc700              Options.mmap_size: 0
2021/04/18-23:55:03.898003 7f0a4e7dc700       Options.delete_threshold: 1000
2021/04/18-23:55:03.898177 7f0a4e7dc700       Options.fadvise_willneed: false
2021/04/18-23:55:03.898353 7f0a4e7dc700      Options.tiered_slow_level: 0
2021/04/18-23:55:03.898518 7f0a4e7dc700     Options.tiered_fast_prefix: ./data/meta/meta/4
2021/04/18-23:55:03.898709 7f0a4e7dc700     Options.tiered_slow_prefix: ./data/meta/meta/4
2021/04/18-23:55:03.898892 7f0a4e7dc700                         crc32c: hardware
2021/04/18-23:55:03.899071 7f0a4e7dc700   Options.cache_object_warming: true
2021/04/18-23:55:03.899267 7f0a4e7dc700        Options.ExpiryActivated: false
2021/04/18-23:55:03.899447 7f0a4e7dc700          Options.expiry_module: NULL
2021/04/18-23:55:03.899618 7f0a4e7dc700                File cache size: 1740832786
2021/04/18-23:55:03.899804 7f0a4e7dc700               Block cache size: 1742929938
2021/04/18-23:55:03.915081 7f0a4e7dc700 Recovering log #12
2021/04/18-23:55:03.935483 7f0a4e7dc700 Delete type=0 #12
2021/04/18-23:55:03.936679 7f0a4e7dc700 Delete type=3 #10
