2021/04/18-23:55:03.834579 7f0a4e7dc700                        Version: 2.0.35 (open source)
2021/04/18-23:55:03.835041 7f0a4e7dc700             Options.comparator: leveldb.InternalKeyComparator
2021/04/18-23:55:03.835231 7f0a4e7dc700      Options.create_if_missing: 1
2021/04/18-23:55:03.835431 7f0a4e7dc700        Options.error_if_exists: 0
2021/04/18-23:55:03.835649 7f0a4e7dc700        Options.paranoid_checks: 0
2021/04/18-23:55:03.835835 7f0a4e7dc700     Options.verify_compactions: 1
2021/04/18-23:55:03.836012 7f0a4e7dc700                    Options.env: 0x7f0aa80048c0
2021/04/18-23:55:03.836186 7f0a4e7dc700               Options.info_log: 0x7f0a740168c0
2021/04/18-23:55:03.836506 7f0a4e7dc700      Options.write_buffer_size: 53703889
2021/04/18-23:55:03.836673 7f0a4e7dc700         Options.max_open_files: 1000
2021/04/18-23:55:03.836840 7f0a4e7dc700            Options.block_cache: 0x7f0a7400c700
2021/04/18-23:55:03.837009 7f0a4e7dc700             Options.block_size: 4096
2021/04/18-23:55:03.837168 7f0a4e7dc700       Options.block_size_steps: 16
2021/04/18-23:55:03.837328 7f0a4e7dc700 Options.block_restart_interval: 16
2021/04/18-23:55:03.837482 7f0a4e7dc700            Options.compression: 1
2021/04/18-23:55:03.837650 7f0a4e7dc700          Options.filter_policy: leveldb.BuiltinBloomFilter2
2021/04/18-23:55:03.837813 7f0a4e7dc700              Options.is_repair: false
2021/04/18-23:55:03.837984 7f0a4e7dc700         Options.is_internal_db: false
2021/04/18-23:55:03.838141 7f0a4e7dc700      Options.total_leveldb_mem: 9228008652
2021/04/18-23:55:03.838307 7f0a4e7dc700  Options.block_cache_threshold: 33554432
2021/04/18-23:55:03.838471 7f0a4e7dc700  Options.limited_developer_mem: false
2021/04/18-23:55:03.838635 7f0a4e7dc700              Options.mmap_size: 0
2021/04/18-23:55:03.838800 7f0a4e7dc700       Options.delete_threshold: 1000
2021/04/18-23:55:03.838961 7f0a4e7dc700       Options.fadvise_willneed: false
2021/04/18-23:55:03.839124 7f0a4e7dc700      Options.tiered_slow_level: 0
2021/04/18-23:55:03.839286 7f0a4e7dc700     Options.tiered_fast_prefix: ./data/meta/meta/3
2021/04/18-23:55:03.839450 7f0a4e7dc700     Options.tiered_slow_prefix: ./data/meta/meta/3
2021/04/18-23:55:03.839609 7f0a4e7dc700                         crc32c: hardware
2021/04/18-23:55:03.839768 7f0a4e7dc700   Options.cache_object_warming: true
2021/04/18-23:55:03.839962 7f0a4e7dc700        Options.ExpiryActivated: false
2021/04/18-23:55:03.840124 7f0a4e7dc700          Options.expiry_module: NULL
2021/04/18-23:55:03.840286 7f0a4e7dc700                File cache size: 2161690545
2021/04/18-23:55:03.840442 7f0a4e7dc700               Block cache size: 2163787697
2021/04/18-23:55:03.850977 7f0a4e7dc700 Recovering log #11
2021/04/18-23:55:03.868323 7f0a4e7dc700 Delete type=0 #11
2021/04/18-23:55:03.869336 7f0a4e7dc700 Delete type=3 #10
