2021/04/18-23:55:04.980972 7f0a4efdd700                        Version: 2.0.35 (open source)
2021/04/18-23:55:04.981439 7f0a4efdd700             Options.comparator: leveldb.InternalKeyComparator
2021/04/18-23:55:04.981598 7f0a4efdd700      Options.create_if_missing: 1
2021/04/18-23:55:04.981760 7f0a4efdd700        Options.error_if_exists: 0
2021/04/18-23:55:04.981921 7f0a4efdd700        Options.paranoid_checks: 0
2021/04/18-23:55:04.982127 7f0a4efdd700     Options.verify_compactions: 1
2021/04/18-23:55:04.982284 7f0a4efdd700                    Options.env: 0x7f0aa80048c0
2021/04/18-23:55:04.982434 7f0a4efdd700               Options.info_log: 0x7f0a7001f350
2021/04/18-23:55:04.983715 7f0a4efdd700      Options.write_buffer_size: 61158330
2021/04/18-23:55:04.983863 7f0a4efdd700         Options.max_open_files: 1000
2021/04/18-23:55:04.984014 7f0a4efdd700            Options.block_cache: 0x7f0a7001e6c0
2021/04/18-23:55:04.984168 7f0a4efdd700             Options.block_size: 4096
2021/04/18-23:55:04.984360 7f0a4efdd700       Options.block_size_steps: 16
2021/04/18-23:55:04.984511 7f0a4efdd700 Options.block_restart_interval: 16
2021/04/18-23:55:04.984671 7f0a4efdd700            Options.compression: 1
2021/04/18-23:55:04.984825 7f0a4efdd700          Options.filter_policy: leveldb.BuiltinBloomFilter2
2021/04/18-23:55:04.985012 7f0a4efdd700              Options.is_repair: false
2021/04/18-23:55:04.985173 7f0a4efdd700         Options.is_internal_db: false
2021/04/18-23:55:04.985336 7f0a4efdd700      Options.total_leveldb_mem: 9228008652
2021/04/18-23:55:04.985491 7f0a4efdd700  Options.block_cache_threshold: 33554432
2021/04/18-23:55:04.985647 7f0a4efdd700  Options.limited_developer_mem: false
2021/04/18-23:55:04.985799 7f0a4efdd700              Options.mmap_size: 0
2021/04/18-23:55:04.985996 7f0a4efdd700       Options.delete_threshold: 1000
2021/04/18-23:55:04.986153 7f0a4efdd700       Options.fadvise_willneed: false
2021/04/18-23:55:04.986312 7f0a4efdd700      Options.tiered_slow_level: 0
2021/04/18-23:55:04.986466 7f0a4efdd700     Options.tiered_fast_prefix: ./data/msgstore/7
2021/04/18-23:55:04.986617 7f0a4efdd700     Options.tiered_slow_prefix: ./data/msgstore/7
2021/04/18-23:55:04.986812 7f0a4efdd700                         crc32c: hardware
2021/04/18-23:55:04.986956 7f0a4efdd700   Options.cache_object_warming: true
2021/04/18-23:55:04.987099 7f0a4efdd700        Options.ExpiryActivated: false
2021/04/18-23:55:04.987245 7f0a4efdd700          Options.expiry_module: NULL
2021/04/18-23:55:04.987385 7f0a4efdd700                File cache size: 223357604
2021/04/18-23:55:04.987530 7f0a4efdd700               Block cache size: 225454756
2021/04/18-23:55:04.997409 7f0a4efdd700 Recovering log #11
2021/04/18-23:55:05.016431 7f0a4efdd700 Delete type=0 #11
2021/04/18-23:55:05.017374 7f0a4efdd700 Delete type=3 #10
