2021/04/18-23:55:04.112735 7f0a4e7dc700                        Version: 2.0.35 (open source)
2021/04/18-23:55:04.113251 7f0a4e7dc700             Options.comparator: leveldb.InternalKeyComparator
2021/04/18-23:55:04.113463 7f0a4e7dc700      Options.create_if_missing: 1
2021/04/18-23:55:04.113662 7f0a4e7dc700        Options.error_if_exists: 0
2021/04/18-23:55:04.113852 7f0a4e7dc700        Options.paranoid_checks: 0
2021/04/18-23:55:04.114058 7f0a4e7dc700     Options.verify_compactions: 1
2021/04/18-23:55:04.114262 7f0a4e7dc700                    Options.env: 0x7f0aa80048c0
2021/04/18-23:55:04.114463 7f0a4e7dc700               Options.info_log: 0x7f0a7401c500
2021/04/18-23:55:04.114830 7f0a4e7dc700      Options.write_buffer_size: 50991726
2021/04/18-23:55:04.115024 7f0a4e7dc700         Options.max_open_files: 1000
2021/04/18-23:55:04.115236 7f0a4e7dc700            Options.block_cache: 0x7f0a7401d000
2021/04/18-23:55:04.115433 7f0a4e7dc700             Options.block_size: 4096
2021/04/18-23:55:04.115607 7f0a4e7dc700       Options.block_size_steps: 16
2021/04/18-23:55:04.115790 7f0a4e7dc700 Options.block_restart_interval: 16
2021/04/18-23:55:04.115986 7f0a4e7dc700            Options.compression: 1
2021/04/18-23:55:04.116165 7f0a4e7dc700          Options.filter_policy: leveldb.BuiltinBloomFilter2
2021/04/18-23:55:04.116349 7f0a4e7dc700              Options.is_repair: false
2021/04/18-23:55:04.116533 7f0a4e7dc700         Options.is_internal_db: false
2021/04/18-23:55:04.116729 7f0a4e7dc700      Options.total_leveldb_mem: 9228008652
2021/04/18-23:55:04.116919 7f0a4e7dc700  Options.block_cache_threshold: 33554432
2021/04/18-23:55:04.117113 7f0a4e7dc700  Options.limited_developer_mem: false
2021/04/18-23:55:04.117296 7f0a4e7dc700              Options.mmap_size: 0
2021/04/18-23:55:04.117511 7f0a4e7dc700       Options.delete_threshold: 1000
2021/04/18-23:55:04.117673 7f0a4e7dc700       Options.fadvise_willneed: false
2021/04/18-23:55:04.117839 7f0a4e7dc700      Options.tiered_slow_level: 0
2021/04/18-23:55:04.118025 7f0a4e7dc700     Options.tiered_fast_prefix: ./data/meta/meta/7
2021/04/18-23:55:04.118195 7f0a4e7dc700     Options.tiered_slow_prefix: ./data/meta/meta/7
2021/04/18-23:55:04.118359 7f0a4e7dc700                         crc32c: hardware
2021/04/18-23:55:04.118533 7f0a4e7dc700   Options.cache_object_warming: true
2021/04/18-23:55:04.118705 7f0a4e7dc700        Options.ExpiryActivated: false
2021/04/18-23:55:04.118889 7f0a4e7dc700          Options.expiry_module: NULL
2021/04/18-23:55:04.119084 7f0a4e7dc700                File cache size: 1015421897
2021/04/18-23:55:04.119284 7f0a4e7dc700               Block cache size: 1017519049
2021/04/18-23:55:04.130378 7f0a4e7dc700 Recovering log #11
2021/04/18-23:55:04.152848 7f0a4e7dc700 Delete type=0 #11
2021/04/18-23:55:04.153857 7f0a4e7dc700 Delete type=3 #10
